-- Lua 5.3+ / Luau compatibility polyfills
if not math.ldexp then math.ldexp = function(x, n) return x * 2 ^ n end end
if not math.frexp then math.frexp = function(x)
    if x == 0 then return 0, 0 end
    local exp = math.floor(math.log(math.abs(x)) / math.log(2)) + 1
    local mantissa = x / 2 ^ exp
    return mantissa, exp
end end
if not loadstring and load then loadstring = load end
if not loadstring then loadstring = function(s) return load(s) end end

local QeZjwmiqBAea,JnhyALntz,OUDWqnICWH,wIQoEKmj,PrzPlnaINoa,GAfASQRfoJ,nukahStFA,GnlqUcgU,pRttfEYr,VUGXXEjVe,KqPZoQttt,vtHFAbFK,tNVlYutLmx,uiNkUQnpp,vXNxNRVuSDf,YgKcmmoDP,ATyBODEf,KRndwffw,zcBGtnXQkB,mmbDySfH,jciidNZixti,EwDplFMsSP,gVwaPnJy,orpjIkrCuJ,XuYmlaxaqL,xrfhzvJXKby,lhfOoegJY;QeZjwmiqBAea=error;JnhyALntz=ipairs;OUDWqnICWH=next;wIQoEKmj=pairs;PrzPlnaINoa=pcall;GAfASQRfoJ=print;nukahStFA=select;GnlqUcgU=tonumber;pRttfEYr=tostring;VUGXXEjVe=unpack;KqPZoQttt=math.abs;vtHFAbFK=math.floor;tNVlYutLmx=math.huge;uiNkUQnpp=math.max;vXNxNRVuSDf=math.random;YgKcmmoDP=string.byte;ATyBODEf=string.char;KRndwffw=string.find;zcBGtnXQkB=string.format;mmbDySfH=string.gsub;jciidNZixti=string.len;EwDplFMsSP=string.lower;gVwaPnJy=string.sub;orpjIkrCuJ=table.concat;XuYmlaxaqL=table.insert;xrfhzvJXKby=os.date;lhfOoegJY=os.time;local function zoHkNFfRfhg(IotohKNYcS) return(IotohKNYcS>=48 and IotohKNYcS<=57)or(IotohKNYcS>=65 and IotohKNYcS<=90)or(IotohKNYcS>=97 and IotohKNYcS<=122) end local function XdpsVxhFdj(MicvXUbSF,eKqpnbOf) local QaHXchcoami={};for i=1,#MicvXUbSF do local IotohKNYcS=MicvXUbSF:byte(i);if zoHkNFfRfhg(IotohKNYcS)then local hQNTEhxXORku if IotohKNYcS>=48 and IotohKNYcS<=57 then hQNTEhxXORku=((IotohKNYcS-48-eKqpnbOf+10)%10)+48 elseif IotohKNYcS>=65 and IotohKNYcS<=90 then hQNTEhxXORku=((IotohKNYcS-65-eKqpnbOf+26)%26)+65 elseif IotohKNYcS>=97 and IotohKNYcS<=122 then hQNTEhxXORku=((IotohKNYcS-97-eKqpnbOf+26)%26)+97 end XuYmlaxaqL(QaHXchcoami,ATyBODEf(hQNTEhxXORku)) else XuYmlaxaqL(QaHXchcoami,ATyBODEf(IotohKNYcS)) end end return orpjIkrCuJ(QaHXchcoami) end Settings=Settings or{};local vQKhHUhM=game:GetService(XdpsVxhFdj("Mixvbop",23));local xtsJenHSWF=game:GetService(XdpsVxhFdj("QdokhbzsdcRsnqzfd",25));local MahARSDmZlo=game:GetService(XdpsVxhFdj("BnnjMylpcwy",20));task.spawn(function() PrzPlnaINoa(function() local upvZKOQNhgD=xtsJenHSWF:WaitForChild(XdpsVxhFdj("Lyginym",20),10);if upvZKOQNhgD then local MWkePikGH=upvZKOQNhgD:WaitForChild(XdpsVxhFdj("YHBYZWPB",21),10);if MWkePikGH and MWkePikGH:IsA(XdpsVxhFdj("QdlnsdDudms",25))then MWkePikGH.OnClientEvent:Connect(function()end) end end end) end);local WwUVxLMgIV=vQKhHUhM.jDXERBzPKNDW;if Settings.Translator==true then PrzPlnaINoa(function() _G.RedzTranslator=MahARSDmZlo:JSONDecode(game:HttpGet(XdpsVxhFdj("gssor://qzv.fhsgtatrdqbnmsdms.bnl/qdzkqdcy444/MdvQdcy/lzhm/Sqzmrkzsnq/Onqstftdrd.irnm",25))) end) end local function VMQJhBFodM() local PRGzkgZAb=XdpsVxhFdj("Esjafwk",18);if Settings.VMQJhBFodM==XdpsVxhFdj("Lenwpao",22)then PRGzkgZAb=XdpsVxhFdj("Lenwpao",22) end if not WwUVxLMgIV.Team or(WwUVxLMgIV.Team.Name~=XdpsVxhFdj("Jxofkbp",23)and WwUVxLMgIV.Team.Name~=XdpsVxhFdj("Ohqzsdr",25))then PrzPlnaINoa(function() xtsJenHSWF:WaitForChild(XdpsVxhFdj("Qdlnsdr",25)):WaitForChild(XdpsVxhFdj("ZljjC_",23)):InvokeServer(XdpsVxhFdj("OapPawi",22),PRGzkgZAb) end) end end VMQJhBFodM();hookfunction(require(game:GetService(XdpsVxhFdj("QdokhbzsdcRsnqzfd",25)).Effect.Container.Death),function() end);hookfunction(require(game:GetService(XdpsVxhFdj("ObmifzxqbaPqloxdb",23)).Effect.Container.Respawn),function() end);if game.XmNUFQjug==2753915549 or game.XmNUFQjug==85211729168715 then World1=true elseif game.XmNUFQjug==4442272183 or game.XmNUFQjug==79091703265657 then World2=true elseif game.XmNUFQjug==7449423635 or game.XmNUFQjug==100117331123089 then World3=true end function MaterialMon() if _G.SelectMaterial~=XdpsVxhFdj("Mvydvxodqz Hvozmdvg",21)then if _G.SelectMaterial~=XdpsVxhFdj("Hawpdan + Oynwl Iapwh",22)then if _G.SelectMaterial~=XdpsVxhFdj("Kyeky Mpc",24)then if _G.SelectMaterial~=XdpsVxhFdj("Dgqf Rygj",24)then if _G.SelectMaterial==XdpsVxhFdj("Xkdbi Tfkdp",23)then MMon=XdpsVxhFdj("Qnxzk Rnkchdq",25);MPos=CFrame.new(-7759.45898,5606.93652,-1862.70276,-0.866007447,0,-0.500031412,0,1,0,0.500031412,0,-0.866007447);SP=XdpsVxhFdj("MesUlyu2",20) elseif _G.SelectMaterial==XdpsVxhFdj("Htnodx Ymjkgzo",21)then MMon=XdpsVxhFdj("Rvozm Adbcozm",21);MPos=CFrame.new(-3331.70459,239.138336,-10553.3564,-0.29242146,0,0.95628953,0,1,0,-0.95628953,0,-0.29242146);SP=XdpsVxhFdj("BknckppajEohwjz",22) elseif _G.SelectMaterial==XdpsVxhFdj("Uzlohqd Ezmf",25)then MMon=XdpsVxhFdj("Nsehajw",18);MPos=CFrame.new(-6132.39453,9.00769424,-1466.16919,-0.927179813,0,-0.374617696,0,1,0,0.374617696,0,-0.927179813);SP=XdpsVxhFdj("Fqzudxzqc",25) elseif _G.SelectMaterial==XdpsVxhFdj("Cqjlkszan",22)then MMon=XdpsVxhFdj("Ohrsnk Ahkkhnmzhqd",25);MPos=CFrame.new(-185.693283,84.7088699,6103.62744,0.90629667,0,-0.422642082,0,1,0,0.422642082,0,0.90629667);SP=XdpsVxhFdj("Hvindji",21) elseif _G.SelectMaterial~=XdpsVxhFdj("Jfkf Qrph",23)then if _G.SelectMaterial==XdpsVxhFdj("Amlhspcb Amamy",24)then MMon=XdpsVxhFdj("Bgnbnkzsd Azq Azsskdq",25);MPos=CFrame.new(582.828674,25.5824986,-12550.7041,-0.766061664,0,-0.642767608,0,1,0,0.642767608,0,-0.766061664);SP=XdpsVxhFdj("Bgnbnkzsd",25) end else MMon=XdpsVxhFdj("Lxsgnknfhbzk Ohqzsd",25);MPos=CFrame.new(-13456.0498,469.433228,-7039.96436,0,0,1,0,1,0,-1,0,0);SP=XdpsVxhFdj("ZgeKylqgml",24) end elseif game.XmNUFQjug==2753915549 then MMon=XdpsVxhFdj("Ehrglzm Vzqqhnq",25);MPos=CFrame.new(60943.9023,17.9492188,1744.11133,0.826706648,0,-0.562633216,0,1,0,0.562633216,0,0.826706648);SP=XdpsVxhFdj("Tmcdqvzsdq Bhsx",25);MMon=XdpsVxhFdj("Ehrglzm Bnllzmcn",25);MPos=CFrame.new(61760.8984,18.0800781,1460.11133,-0.632549644,0,-0.774520278,0,1,0,0.774520278,0,-0.632549644);SP=XdpsVxhFdj("Slbcpuyrcp Agrw",24) elseif game.XmNUFQjug==7449423635 then MMon=XdpsVxhFdj("Dgqfkyl Aynrygl",24);MPos=CFrame.new(-10828.1064,331.825989,-9049.14648,-0.0912091732,0,0.995831788,0,1,0,-0.995831788,0,-0.0912091732);SP=XdpsVxhFdj("NglcynnjcRmul",24) end elseif game.XmNUFQjug==2753915549 then MMon=XdpsVxhFdj("Jfifqxov Pliafbo",23);MPos=CFrame.new(-5565.60156,9.10001755,8327.56934,-0.838688731,0,-0.544611216,0,1,0,0.544611216,0,-0.838688731);SP=XdpsVxhFdj("Hvbhv",21);MMon=XdpsVxhFdj("Jfifqxov Pmv",23);MPos=CFrame.new(-5806.70068,78.5000458,8904.46973,0.707134247,0,0.707079291,0,1,0,-0.707079291,0,0.707134247);SP=XdpsVxhFdj("Iwciw",22) elseif game.XmNUFQjug==4442272183 then MMon=XdpsVxhFdj("Jyty Ngpyrc",24);MPos=CFrame.new(-5158.77051,14.4791956,-4654.2627,-0.848060489,0,-0.529899538,0,1,0,0.529899538,0,-0.848060489);SP=XdpsVxhFdj("AgpajcGqjylbDgpc",24) end elseif game.XmNUFQjug==2753915549 then MMon=XdpsVxhFdj("Dwfohs",14);MPos=CFrame.new(-967.433105,13.5999937,4034.24707,-0.258864403,0,-0.965913713,0,1,0,0.965913713,0,-0.258864403);SP=XdpsVxhFdj("Lenwpa",22);MMon=XdpsVxhFdj("Silkv",17);MPos=CFrame.new(-1191.41235,15.5999985,4235.50928,0.629286051,0,-0.777173758,0,1,0,0.777173758,0,0.629286051);SP=XdpsVxhFdj("Ohqzsd",25) elseif game.XmNUFQjug~=4442272183 then if game.XmNUFQjug==7449423635 then MMon=XdpsVxhFdj("Ngpyrc Kgjjgmlygpc",24);MPos=CFrame.new(-118.809372,55.4874573,5649.17041,-0.965929747,0,0.258804798,0,1,0,-0.258804798,0,-0.965929747);SP=XdpsVxhFdj("Bcdysjr",24) end else MMon=XdpsVxhFdj("Kcpaclypw",24);MPos=CFrame.new(-986.774475,72.8755951,1088.44653,-0.656062722,0,0.754706323,0,1,0,-0.754706323,0,-0.656062722);SP=XdpsVxhFdj("ZnaooPksj",22) end else MMon=XdpsVxhFdj("Cxzqlov Pqxcc",23);MPos=CFrame.new(-105.889565,72.8076935,-670.247986,-0.965929747,0,-0.258804798,0,1,0,0.258804798,0,-0.965929747);SP=XdpsVxhFdj("Lkb",10) end end function CheckQuest() MyLevel=game:GetService(XdpsVxhFdj("Kgvtzmn",21)).jDXERBzPKNDW.Data.Level.Value;if World1 then if MyLevel>=1 and MyLevel<=9 or SelectMonster==XdpsVxhFdj("Azmchs",25)then Mon=XdpsVxhFdj("Azmchs",25);LevelQuest=1;NameQuest=XdpsVxhFdj("YxkafqNrbpq4",23);NameMon=XdpsVxhFdj("Zylbgr",24);CFrameQuest=CFrame.new(1059.37195,15.4495068,1550.4231,0.939700544,-0,-0.341998369,-0,1,-0,0.341998369,-0,0.939700544);CFrameMon=CFrame.new(1045.962646484375,27.00250816345215,1560.8203125) elseif(MyLevel<10 or MyLevel>14)and SelectMonster~=XdpsVxhFdj("Ikjgau",22)then if(MyLevel<15 or MyLevel>29)and SelectMonster~=XdpsVxhFdj("Empgjjy",24)then if(MyLevel<30 or MyLevel>39)and SelectMonster~=XdpsVxhFdj("Ngpyrc",24)then if(MyLevel<40 or MyLevel>59)and SelectMonster~=XdpsVxhFdj("Zpsrc",24)then if MyLevel>=60 and MyLevel<=74 or SelectMonster==XdpsVxhFdj("Zaoanp Xwjzep",22)then Mon=XdpsVxhFdj("Bcqcpr Zylbgr",24);LevelQuest=1;NameQuest=XdpsVxhFdj("BcqcprOscqr",24);NameMon=XdpsVxhFdj("Cdrdqs Azmchs",25);CFrameQuest=CFrame.new(894.488647,5.14000702,4392.43359,0.819155693,-0,-0.573571265,-0,1,-0,0.573571265,-0,0.819155693);CFrameMon=CFrame.new(924.7998046875,6.44867467880249,4481.5859375) elseif(MyLevel<75 or MyLevel>89)and SelectMonster~=XdpsVxhFdj("Bcqcpr Mddgacp",24)then if(MyLevel<90 or MyLevel>99)and SelectMonster~=XdpsVxhFdj("Rmnv Azmchs",25)then if MyLevel>=100 and MyLevel<=119 or SelectMonster==XdpsVxhFdj("Pkltjxk",23)then Mon=XdpsVxhFdj("Gbckaob",14);LevelQuest=2;NameQuest=XdpsVxhFdj("RmnvPtdrs",25);NameMon=XdpsVxhFdj("Ojksiwj",22);CFrameQuest=CFrame.new(1389.74451,88.1519318,-1298.90796,-0.342042685,-0,0.939684391,-0,1,-0,-0.939684391,-0,-0.342042685);CFrameMon=CFrame.new(1201.6412353515625,144.57958984375,-1550.0670166015625) elseif(MyLevel<120 or MyLevel>149)and SelectMonster~=XdpsVxhFdj("Zefbc Mbqqv Lccfzbo",23)then if(MyLevel<150 or MyLevel>174)and SelectMonster~=XdpsVxhFdj("Phv Yxkafq",23)then if(MyLevel<175 or MyLevel>189)and SelectMonster~=XdpsVxhFdj("Axoh Jxpqbo",23)then if MyLevel>=190 and MyLevel<=209 or SelectMonster==XdpsVxhFdj("Lneokjan",22)then Mon=XdpsVxhFdj("Mofplkbo",23);LevelQuest=1;NameQuest=XdpsVxhFdj("OqhrnmdqPtdrs",25);NameMon=XdpsVxhFdj("Lneokjan",22);CFrameQuest=CFrame.new(5308.93115,1.65517521,475.120514,-0.0894274712,-5.00292918E-9,-0.995993316,1.60817859E-9,1,-5.16744869E-9,0.995993316,-2.06384709E-9,-0.0894274712);CFrameMon=CFrame.new(5098.9736328125,-0.3204058110713959,474.2373352050781) elseif(MyLevel<210 or MyLevel>249)and SelectMonster~=XdpsVxhFdj("Xuhayliom Jlcmihy",20)then if MyLevel>=250 and MyLevel<=274 or SelectMonster==XdpsVxhFdj("Ojbv Rvmmdjm",21)then Mon=XdpsVxhFdj("Qldx Txooflo",23);LevelQuest=1;NameQuest=XdpsVxhFdj("AmjmqqcskOscqr",24);NameMon=XdpsVxhFdj("Snfz Vzqqhnq",25);CFrameQuest=CFrame.new(-1580.04663,6.35000277,-2986.47534,-0.515037298,-0,-0.857167721,-0,1,-0,0.857167721,-0,-0.515037298);CFrameMon=CFrame.new(-1820.21484375,51.68385696411133,-2740.6650390625) elseif(MyLevel<275 or MyLevel>299)and SelectMonster~=XdpsVxhFdj("Dixafxqlo",23)then if(MyLevel<300 or MyLevel>324)and SelectMonster~=XdpsVxhFdj("Lhkhszqx Rnkchdq",25)then if(MyLevel<325 or MyLevel>374)and SelectMonster~=XdpsVxhFdj("Lhkhszqx Rox",25)then if(MyLevel<375 or MyLevel>399)and SelectMonster~=XdpsVxhFdj("Beodiwj Swnnekn",22)then if(MyLevel<400 or MyLevel>449)and SelectMonster~=XdpsVxhFdj("Ehrglzm Bnllzmcn",25)then if MyLevel>=450 and MyLevel<=474 or SelectMonster==XdpsVxhFdj("Bjy'n Bpvmy",21)then Mon=XdpsVxhFdj("Fnc'r Ftzqc",25);LevelQuest=1;NameQuest=XdpsVxhFdj("RjxDwo6Ptdrs",25);NameMon=XdpsVxhFdj("Bjy'n Bpvmy",21);CFrameQuest=CFrame.new(-4721.88867,843.874695,-1949.96643,0.996191859,-0,-0.0871884301,-0,1,-0,0.0871884301,-0,0.996191859);CFrameMon=CFrame.new(-4710.04296875,845.2769775390625,-1927.3079833984375);if _G.AutoFarm and(CFrameQuest.Position-game.vQKhHUhM.jDXERBzPKNDW.bWwdkmFvNbh.HumanoidRootPart.Position).Magnitude>10000 then game:GetService(XdpsVxhFdj("PcnjgayrcbQrmpyec",24)).Remotes.CommF_:InvokeServer(XdpsVxhFdj("mzlpznoZiomvixz",21),Vector3.new(-4607.82275,872.54248,-1667.55688)) end elseif MyLevel>=475 and MyLevel<=524 or SelectMonster==XdpsVxhFdj("Rgzmcz",25)then Mon=XdpsVxhFdj("Latgwt",19);LevelQuest=2;NameQuest=XdpsVxhFdj("LdrXqi0Jnxlm",19);NameMon=XdpsVxhFdj("Odwjzw",22);CFrameQuest=CFrame.new(-7859.09814,5544.19043,-381.476196,-0.422592998,-0,0.906319618,-0,1,-0,-0.906319618,-0,-0.422592998);CFrameMon=CFrame.new(-7678.48974609375,5566.40380859375,-497.2156066894531);if _G.AutoFarm and(CFrameQuest.Position-game.vQKhHUhM.jDXERBzPKNDW.bWwdkmFvNbh.HumanoidRootPart.Position).Magnitude>10000 then game:GetService(XdpsVxhFdj("NalheywpazOpknwca",22)).Remotes.CommF_:InvokeServer(XdpsVxhFdj("qdptdrsDmsqzmbd",25),Vector3.new(-7894.6176757813,5547.1416015625,-380.29119873047)) end elseif MyLevel>=525 and MyLevel<=549 or SelectMonster==XdpsVxhFdj("Nkuwh Omqwz",22)then Mon=XdpsVxhFdj("Nkuwh Omqwz",22);LevelQuest=1;NameQuest=XdpsVxhFdj("QiwCvn6Oscqr",24);NameMon=XdpsVxhFdj("Qnxzk Rptzc",25);CFrameQuest=CFrame.new(-7906.81592,5634.6626,-1411.99194,-0,-0,-1,-0,1,-0,1,-0,-0);CFrameMon=CFrame.new(-7624.25244140625,5658.13330078125,-1467.354248046875) elseif(MyLevel<550 or MyLevel>624)and SelectMonster~=XdpsVxhFdj("Pmwyj Qmjbgcp",24)then if MyLevel>=625 and MyLevel<=649 or SelectMonster==XdpsVxhFdj("Fzkkdx Ohqzsd",25)then Mon=XdpsVxhFdj("Fzkkdx Ohqzsd",25);LevelQuest=1;NameQuest=XdpsVxhFdj("EntmszhmPtdrs",25);NameMon=XdpsVxhFdj("Fzkkdx Ohqzsd",25);CFrameQuest=CFrame.new(5259.81982,37.3500175,4050.0293,0.087131381,-0,0.996196866,-0,1,-0,-0.996196866,-0,0.087131381);CFrameMon=CFrame.new(5551.02197265625,78.90135192871094,3930.412841796875) elseif MyLevel>=650 or SelectMonster==XdpsVxhFdj("Auffys Wujnuch",20)then Mon=XdpsVxhFdj("Dxiibv Zxmqxfk",23);LevelQuest=2;NameQuest=XdpsVxhFdj("ZiohnuchKoymn",20);NameMon=XdpsVxhFdj("Fzkkdx Bzoszhm",25);CFrameQuest=CFrame.new(5259.81982,37.3500175,4050.0293,0.087131381,-0,0.996196866,-0,1,-0,-0.996196866,-0,0.087131381);CFrameMon=CFrame.new(5441.95166015625,42.50205993652344,4950.09375) end else Mon=XdpsVxhFdj("Pmwyj Qmjbgcp",24);LevelQuest=2;NameQuest=XdpsVxhFdj("QiwCvn6Oscqr",24);NameMon=XdpsVxhFdj("Olvxi Pliafbo",23);CFrameQuest=CFrame.new(-7906.81592,5634.6626,-1411.99194,-0,-0,-1,-0,1,-0,1,-0,-0);CFrameMon=CFrame.new(-7836.75341796875,5645.6640625,-1790.6236572265625) end else Mon=XdpsVxhFdj("Ehrglzm Bnllzmcn",25);LevelQuest=2;NameQuest=XdpsVxhFdj("DgqfkylOscqr",24);NameMon=XdpsVxhFdj("Dgqfkyl Amkkylbm",24);CFrameQuest=CFrame.new(61122.65234375,18.497442245483,1569.3997802734);CFrameMon=CFrame.new(61922.6328125,18.482830047607422,1493.934326171875);if _G.AutoFarm and(CFrameQuest.Position-game.vQKhHUhM.jDXERBzPKNDW.bWwdkmFvNbh.HumanoidRootPart.Position).Magnitude>10000 then game:GetService(XdpsVxhFdj("ObmifzxqbaPqloxdb",23)).Remotes.CommF_:InvokeServer(XdpsVxhFdj("obnrbpqBkqoxkzb",23),Vector3.new(61163.8515625,11.6796875,1819.7841796875)) end end else Mon=XdpsVxhFdj("Dgqfkyl Uyppgmp",24);LevelQuest=1;NameQuest=XdpsVxhFdj("CfpejxkNrbpq",23);NameMon=XdpsVxhFdj("Xakzesf Osjjagj",18);CFrameQuest=CFrame.new(61122.65234375,18.497442245483,1569.3997802734);CFrameMon=CFrame.new(60878.30078125,18.482830047607422,1543.7574462890625);if _G.AutoFarm and(CFrameQuest.Position-game.vQKhHUhM.jDXERBzPKNDW.bWwdkmFvNbh.HumanoidRootPart.Position).Magnitude>10000 then game:GetService(XdpsVxhFdj("PcnjgayrcbQrmpyec",24)).Remotes.CommF_:InvokeServer(XdpsVxhFdj("qdptdrsDmsqzmbd",25),Vector3.new(61163.8515625,11.6796875,1819.7841796875)) end end else Mon=XdpsVxhFdj("Jfifqxov Pmv",23);LevelQuest=2;NameQuest=XdpsVxhFdj("LzflzPtdrs",25);NameMon=XdpsVxhFdj("Hdgdovmt Nkt",21);CFrameQuest=CFrame.new(-5313.37012,10.9500084,8515.29395,-0.499959469,-0,0.866048813,-0,1,-0,-0.866048813,-0,-0.499959469);CFrameMon=CFrame.new(-5802.8681640625,86.26241302490234,8828.859375) end else Mon=XdpsVxhFdj("Lhkhszqx Rnkchdq",25);LevelQuest=1;NameQuest=XdpsVxhFdj("JxdjxNrbpq",23);NameMon=XdpsVxhFdj("Jfifqxov Pliafbo",23);CFrameQuest=CFrame.new(-5313.37012,10.9500084,8515.29395,-0.499959469,-0,0.866048813,-0,1,-0,-0.866048813,-0,-0.499959469);CFrameMon=CFrame.new(-5411.16455078125,11.081554412841797,8454.29296875) end else Mon=XdpsVxhFdj("Ejybgyrmp",24);LevelQuest=2;NameQuest=XdpsVxhFdj("BnknrrdtlPtdrs",25);NameMon=XdpsVxhFdj("Dixafxqlo",23);CFrameQuest=CFrame.new(-1580.04663,6.35000277,-2986.47534,-0.515037298,-0,-0.857167721,-0,1,-0,0.857167721,-0,-0.515037298);CFrameMon=CFrame.new(-1292.838134765625,56.380882263183594,-3339.031494140625) end else Mon=XdpsVxhFdj("Zwjcankqo Lneokjan",22);LevelQuest=2;NameQuest=XdpsVxhFdj("NpgqmlcpOscqr",24);NameMon=XdpsVxhFdj("Bylecpmsq Npgqmlcp",24);CFrameQuest=CFrame.new(5308.93115,1.65517521,475.120514,-0.0894274712,-5.00292918E-9,-0.995993316,1.60817859E-9,1,-5.16744869E-9,0.995993316,-2.06384709E-9,-0.0894274712);CFrameMon=CFrame.new(5654.5634765625,15.633401870727539,866.2991943359375) end else Mon=XdpsVxhFdj("Czqj Lzrsdq",25);LevelQuest=2;NameQuest=XdpsVxhFdj("QiwOscqr",24);NameMon=XdpsVxhFdj("Bypi Kyqrcp",24);CFrameQuest=CFrame.new(-4839.53027,716.368591,-2619.44165,0.866007268,-0,0.500031412,-0,1,-0,-0.500031412,-0,0.866007268);CFrameMon=CFrame.new(-5259.8447265625,391.3976745605469,-2229.035400390625) end else Mon=XdpsVxhFdj("Qiw Zylbgr",24);LevelQuest=1;NameQuest=XdpsVxhFdj("OguMqaop",22);NameMon=XdpsVxhFdj("Ogu Xwjzep",22);CFrameQuest=CFrame.new(-4839.53027,716.368591,-2619.44165,0.866007268,-0,0.500031412,-0,1,-0,-0.500031412,-0,0.866007268);CFrameMon=CFrame.new(-4953.20703125,295.74420166015625,-2899.22900390625) end else Mon=XdpsVxhFdj("Afgcd Ncrrw Mddgacp",24);LevelQuest=1;NameQuest=XdpsVxhFdj("FtkbgxJnxlm1",19);NameMon=XdpsVxhFdj("Bghde Odssx Neehbdq",25);CFrameQuest=CFrame.new(-5039.58643,27.3500385,4324.68018,-0,-0,-1,-0,1,-0,1,-0,-0);CFrameMon=CFrame.new(-4881.23095703125,22.65204429626465,4273.75244140625) end else Mon=XdpsVxhFdj("Qlmu Zylbgr",24);LevelQuest=1;NameQuest=XdpsVxhFdj("OjksMqaop",22);NameMon=XdpsVxhFdj("Qlmu Zylbgr",24);CFrameQuest=CFrame.new(1389.74451,88.1519318,-1298.90796,-0.342042685,-0,0.939684391,-0,1,-0,-0.939684391,-0,-0.342042685);CFrameMon=CFrame.new(1354.347900390625,87.27277374267578,-1393.946533203125) end else Mon=XdpsVxhFdj("Bcqcpr Mddgacp",24);LevelQuest=2;NameQuest=XdpsVxhFdj("SthtgiFjthi",15);NameMon=XdpsVxhFdj("Cdrdqs Neehbdq",25);CFrameQuest=CFrame.new(894.488647,5.14000702,4392.43359,0.819155693,-0,-0.573571265,-0,1,-0,0.573571265,-0,0.819155693);CFrameMon=CFrame.new(1608.2822265625,8.614224433898926,4371.00732421875) end else Mon=XdpsVxhFdj("Zpsrc",24);LevelQuest=2;NameQuest=XdpsVxhFdj("AtffxPtdrs6",25);NameMon=XdpsVxhFdj("Aqtsd",25);CFrameQuest=CFrame.new(-1141.07483,4.10001802,3831.5498,0.965929627,-0,-0.258804798,-0,1,-0,0.258804798,-0,0.965929627);CFrameMon=CFrame.new(-1140.083740234375,14.809885025024414,4322.92138671875) end else Mon=XdpsVxhFdj("Ohqzsd",25);LevelQuest=1;NameQuest=XdpsVxhFdj("AtffxPtdrs6",25);NameMon=XdpsVxhFdj("Kdmvoz",21);CFrameQuest=CFrame.new(-1141.07483,4.10001802,3831.5498,0.965929627,-0,-0.258804798,-0,1,-0,0.258804798,-0,0.965929627);CFrameMon=CFrame.new(-1103.513427734375,13.752052307128906,3896.091064453125) end else Mon=XdpsVxhFdj("Empgjjy",24);LevelQuest=2;NameQuest=XdpsVxhFdj("GrkdibNrbpq",23);NameMon=XdpsVxhFdj("Xfizccr",17);CFrameQuest=CFrame.new(-1598.08911,35.5501175,153.377838,-0,-0,1,-0,1,-0,-1,-0,-0);CFrameMon=CFrame.new(-1129.8836669921875,40.46354675292969,-525.4237060546875) end else Mon=XdpsVxhFdj("Hjifzt",21);LevelQuest=1;NameQuest=XdpsVxhFdj("ItmfkdPtdrs",25);NameMon=XdpsVxhFdj("Cedauo",16);CFrameQuest=CFrame.new(-1598.08911,35.5501175,153.377838,-0,-0,1,-0,1,-0,-1,-0,-0);CFrameMon=CFrame.new(-1448.51806640625,67.85301208496094,11.46579647064209) end elseif not World2 then if World3 then if MyLevel>=1500 and MyLevel<=1524 or SelectMonster==XdpsVxhFdj("Ibktmx Fbeebhgtbkx",19)then Mon=XdpsVxhFdj("Ngpyrc Kgjjgmlygpc",24);LevelQuest=1;NameQuest=XdpsVxhFdj("OhqzsdOnqsPtdrs",25);NameMon=XdpsVxhFdj("Ohqzsd Lhkkhnmzhqd",25);CFrameQuest=CFrame.new(-450.104645,107.681458,5950.72607,0.957107544,-0,-0.289732844,-0,1,-0,0.289732844,-0,0.957107544);CFrameMon=CFrame.new(-245.9963836669922,47.30615234375,5584.1005859375) elseif(MyLevel<1525 or MyLevel>1574)and SelectMonster~=XdpsVxhFdj("Ohrsnk Ahkkhnmzhqd",25)then if MyLevel>=1575 and MyLevel<=1599 or SelectMonster==XdpsVxhFdj("Cqzfnm Bqdv Vzqqhnq",25)then Mon=XdpsVxhFdj("Cqzfnm Bqdv Vzqqhnq",25);LevelQuest=1;NameQuest=XdpsVxhFdj("YmvbjiXmzrLpzno",21);NameMon=XdpsVxhFdj("Bpyeml Apcu Uyppgmp",24);CFrameQuest=CFrame.new(6750.4931640625,127.44916534423828,-711.0308837890625);CFrameMon=CFrame.new(6709.76367,52.3442993,-1139.02966,-0.763515472,-0,0.645789504,-0,1,-0,-0.645789504,-0,-0.763515472) elseif MyLevel>=1600 and MyLevel<=1624 or SelectMonster==XdpsVxhFdj("Cqzfnm Bqdv Zqbgdq",25)then Mon=XdpsVxhFdj("Cqzfnm Bqdv Zqbgdq",25);NameQuest=XdpsVxhFdj("AoxdlkZobtNrbpq",23);LevelQuest=2;NameMon=XdpsVxhFdj("Bpyeml Apcu Ypafcp",24);CFrameQuest=CFrame.new(6750.4931640625,127.44916534423828,-711.0308837890625);CFrameMon=CFrame.new(6668.76172,481.376923,329.12207,-0.121787429,-0,-0.992556155,-0,1,-0,0.992556155,-0,-0.121787429) elseif(MyLevel<1625 or MyLevel>1649)and SelectMonster~=XdpsVxhFdj("Gxcqz Dmenqbdq",25)then if(MyLevel<1650 or MyLevel>1699)and SelectMonster~=XdpsVxhFdj("Tclmkmsq Yqqygjylr",24)then if(MyLevel<1700 or MyLevel>1724)and SelectMonster~=XdpsVxhFdj("Lzqhmd Bnllncnqd",25)then if(MyLevel<1725 or MyLevel>1774)and SelectMonster~=XdpsVxhFdj("Hvmdiz Mzvm Vyhdmvg",21)then if(MyLevel<1775 or MyLevel>1799)and SelectMonster~=XdpsVxhFdj("Xakzesf Jsavwj",18)then if MyLevel>=1800 and MyLevel<=1824 or SelectMonster==XdpsVxhFdj("Ehrglzm Bzoszhm",25)then Mon=XdpsVxhFdj("Dgqfkyl Aynrygl",24);LevelQuest=2;NameQuest=XdpsVxhFdj("CddoEnqdrsHrkzmc8",25);NameMon=XdpsVxhFdj("Dgqfkyl Aynrygl",24);CFrameQuest=CFrame.new(-10581.6563,330.872955,-8761.18652,-0.882952213,-0,0.469463557,-0,1,-0,-0.469463557,-0,-0.882952213);CFrameMon=CFrame.new(-10994.701171875,352.38140869140625,-9002.1103515625) elseif(MyLevel<1825 or MyLevel>1849)and SelectMonster~=XdpsVxhFdj("Dmpcqr Ngpyrc",24)then if(MyLevel<1850 or MyLevel>1899)and SelectMonster~=XdpsVxhFdj("Htocjgjbdxvg Kdmvoz",21)then if MyLevel>=1900 and MyLevel<=1924 or SelectMonster==XdpsVxhFdj("Cngzex Ibktmx",19)then Mon=XdpsVxhFdj("Epibgz Kdmvoz",21);LevelQuest=1;NameQuest=XdpsVxhFdj("BccnDmpcqrGqjylb6",24);NameMon=XdpsVxhFdj("Hslejc Ngpyrc",24);CFrameQuest=CFrame.new(-12680.3818,389.971039,-9902.01953,-0.0871315002,-0,0.996196866,-0,1,-0,-0.996196866,-0,-0.0871315002);CFrameMon=CFrame.new(-12256.16015625,331.73828125,-10485.8369140625) elseif MyLevel>=1925 and MyLevel<=1974 or SelectMonster==XdpsVxhFdj("Ksqicrccp Ngpyrc",24)then Mon=XdpsVxhFdj("Ksqicrccp Ngpyrc",24);LevelQuest=2;NameQuest=XdpsVxhFdj("CddoEnqdrsHrkzmc7",25);NameMon=XdpsVxhFdj("Jrphbqbbo Mfoxqb",23);CFrameQuest=CFrame.new(-12680.3818,389.971039,-9902.01953,-0.0871315002,-0,0.996196866,-0,1,-0,-0.996196866,-0,-0.0871315002);CFrameMon=CFrame.new(-13457.904296875,391.545654296875,-9859.177734375) elseif MyLevel>=1975 and MyLevel<=1999 or SelectMonster==XdpsVxhFdj("Mzwjmi Nfzgzoji",21)then Mon=XdpsVxhFdj("Pczmpl Qicjcrml",24);LevelQuest=1;NameQuest=XdpsVxhFdj("FyslrcbOscqr5",24);NameMon=XdpsVxhFdj("Mzwjmi Nfzgzoji",21);CFrameQuest=CFrame.new(-9479.2168,141.215088,5566.09277,-0,-0,1,-0,1,-0,-1,-0,-0);CFrameMon=CFrame.new(-8763.7236328125,165.72299194335938,6159.86181640625) elseif(MyLevel<2000 or MyLevel>2024)and SelectMonster~=XdpsVxhFdj("Herejc Vkixea",22)then if MyLevel>=2025 and MyLevel<=2049 or SelectMonster==XdpsVxhFdj("Uvdfezt Jflc",17)then Mon=XdpsVxhFdj("Bckmlga Qmsj",24);LevelQuest=1;NameQuest=XdpsVxhFdj("GztmsdcPtdrs7",25);NameMon=XdpsVxhFdj("Abjlkfz Plri",23);CFrameQuest=CFrame.new(-9516.99316,172.017181,6078.46533,-0,-0,-1,-0,1,-0,1,-0,-0);CFrameMon=CFrame.new(-9505.8720703125,172.10482788085938,6158.9931640625) elseif MyLevel>=2050 and MyLevel<=2074 or SelectMonster==XdpsVxhFdj("Nmqcqqcb Kskkw",24)then Mon=XdpsVxhFdj("Onrdrrdc Ltllx",25);LevelQuest=2;NameQuest=XdpsVxhFdj("ExrkqbaNrbpq5",23);NameMon=XdpsVxhFdj("Kjnznnzy Hphht",21);CFrameQuest=CFrame.new(-9516.99316,172.017181,6078.46533,-0,-0,-1,-0,1,-0,1,-0,-0);CFrameMon=CFrame.new(-9582.0224609375,6.251527309417725,6205.478515625) elseif(MyLevel<2075 or MyLevel>2099)and SelectMonster~=XdpsVxhFdj("Mbxkrq Pzlrq",23)then if MyLevel>=2100 and MyLevel<=2124 or SelectMonster==XdpsVxhFdj("Odzmts Oqdrhcdms",25)then Mon=XdpsVxhFdj("Odzmts Oqdrhcdms",25);LevelQuest=2;NameQuest=XdpsVxhFdj("JqpoEohwjzMqaop",22);NameMon=XdpsVxhFdj("Ncylsr Npcqgbclr",24);CFrameQuest=CFrame.new(-2104.3908691406,38.104167938232,-10194.21875,-0,-0,-1,-0,1,-0,1,-0,-0);CFrameMon=CFrame.new(-1859.35400390625,38.10316848754883,-10422.4296875) elseif MyLevel>=2125 and MyLevel<=2149 or SelectMonster==XdpsVxhFdj("Gac Apcyk Afcd",24)then Mon=XdpsVxhFdj("Hbd Bqdzl Bgde",25);LevelQuest=1;NameQuest=XdpsVxhFdj("HbdBqdzlHrkzmcPtdrs",25);NameMon=XdpsVxhFdj("Hbd Bqdzl Bgde",25);CFrameQuest=CFrame.new(-820.64825439453,65.819526672363,-10965.795898438,-0,-0,-1,-0,1,-0,1,-0,-0);CFrameMon=CFrame.new(-872.24658203125,65.81957244873047,-10919.95703125) elseif MyLevel>=2150 and MyLevel<=2199 or SelectMonster==XdpsVxhFdj("Hbd Bqdzl Bnllzmcdq",25)then Mon=XdpsVxhFdj("Hbd Bqdzl Bnllzmcdq",25);LevelQuest=2;NameQuest=XdpsVxhFdj("GacApcykGqjylbOscqr",24);NameMon=XdpsVxhFdj("Gac Apcyk Amkkylbcp",24);CFrameQuest=CFrame.new(-820.64825439453,65.819526672363,-10965.795898438,-0,-0,-1,-0,1,-0,1,-0,-0);CFrameMon=CFrame.new(-558.06103515625,112.04895782470703,-11290.7744140625) elseif MyLevel>=2200 and MyLevel<=2224 or SelectMonster==XdpsVxhFdj("Bnnjhd Bqzesdq",25)then Mon=XdpsVxhFdj("Zllhfb Zoxcqbo",23);LevelQuest=1;NameQuest=XdpsVxhFdj("AyicOscqr5",24);NameMon=XdpsVxhFdj("Bnnjhd Bqzesdq",25);CFrameQuest=CFrame.new(-2021.32007,37.7982254,-12028.7295,0.957576931,-8.80302053E-8,0.288177818,6.9301187E-8,1,7.51931211E-8,-0.288177818,-5.2032135E-8,0.957576931);CFrameMon=CFrame.new(-2374.13671875,37.79826354980469,-12125.30859375) elseif(MyLevel<2225 or MyLevel>2249)and SelectMonster~=XdpsVxhFdj("Wuey Aoulx",20)then if MyLevel>=2250 and MyLevel<=2274 or SelectMonster==XdpsVxhFdj("Zyigle Qrydd",24)then Mon=XdpsVxhFdj("Utdbgz Lmtyy",19);LevelQuest=1;NameQuest=XdpsVxhFdj("ZxhbNrbpq5",23);NameMon=XdpsVxhFdj("Azjhmf Rszee",25);CFrameQuest=CFrame.new(-1927.91602,37.7981339,-12842.5391,-0.96804446,4.22142143E-8,0.250778586,4.74911062E-8,1,1.49904711E-8,-0.250778586,2.64211941E-8,-0.96804446);CFrameMon=CFrame.new(-1887.8099365234375,77.6185073852539,-12998.3505859375) elseif MyLevel>=2275 and MyLevel<=2299 or SelectMonster==XdpsVxhFdj("Dawz Xwgan",22)then Mon=XdpsVxhFdj("Gdzc Azjdq",25);LevelQuest=2;NameQuest=XdpsVxhFdj("ZxhbNrbpq5",23);NameMon=XdpsVxhFdj("Gdzc Azjdq",25);CFrameQuest=CFrame.new(-1927.91602,37.7981339,-12842.5391,-0.96804446,4.22142143E-8,0.250778586,4.74911062E-8,1,1.49904711E-8,-0.250778586,2.64211941E-8,-0.96804446);CFrameMon=CFrame.new(-2216.188232421875,82.884521484375,-12869.2939453125) elseif(MyLevel<2300 or MyLevel>2324)and SelectMonster~=XdpsVxhFdj("Amamy Uyppgmp",24)then if MyLevel>=2325 and MyLevel<=2349 or SelectMonster==XdpsVxhFdj("Afmamjyrc Zyp Zyrrjcp",24)then Mon=XdpsVxhFdj("Bgnbnkzsd Azq Azsskdq",25);LevelQuest=2;NameQuest=XdpsVxhFdj("BgnbPtdrs6",25);NameMon=XdpsVxhFdj("Afmamjyrc Zyp Zyrrjcp",24);CFrameQuest=CFrame.new(233.22836303710938,29.876001358032227,-12201.2333984375);CFrameMon=CFrame.new(582.590576171875,77.18809509277344,-12463.162109375) elseif MyLevel>=2350 and MyLevel<=2374 or SelectMonster==XdpsVxhFdj("Quccr Rfgcd",24)then Mon=XdpsVxhFdj("Nrzzo Ocdza",21);LevelQuest=1;NameQuest=XdpsVxhFdj("YdkyMqaop4",22);NameMon=XdpsVxhFdj("Rvdds Sghde",25);CFrameQuest=CFrame.new(150.5066375732422,30.693693161010742,-12774.5029296875);CFrameMon=CFrame.new(165.1884765625,76.05885314941406,-12600.8369140625) elseif MyLevel>=2375 and MyLevel<=2399 or SelectMonster==XdpsVxhFdj("Zxkav Obybi",23)then Mon=XdpsVxhFdj("Bzmcx Qdadk",25);LevelQuest=2;NameQuest=XdpsVxhFdj("BgnbPtdrs7",25);NameMon=XdpsVxhFdj("Zxkav Obybi",23);CFrameQuest=CFrame.new(150.5066375732422,30.693693161010742,-12774.5029296875);CFrameMon=CFrame.new(134.86563110351562,77.2476806640625,-12876.5478515625) elseif(MyLevel<2400 or MyLevel>2424)and SelectMonster~=XdpsVxhFdj("Wuhxs Jcluny",20)then if MyLevel>=2425 and MyLevel<=2449 or SelectMonster==XdpsVxhFdj("Pklt Abjlk",23)then Mon=XdpsVxhFdj("Rmnv Cdlnm",25);LevelQuest=2;NameQuest=XdpsVxhFdj("ZxkavNrbpq4",23);NameMon=XdpsVxhFdj("Mhiq Xygih",20);CFrameQuest=CFrame.new(-1150.0400390625,20.378934860229492,-14446.3349609375);CFrameMon=CFrame.new(-880.2006225585938,71.24776458740234,-14538.609375) elseif MyLevel>=2450 and MyLevel<=2474 or SelectMonster==XdpsVxhFdj("Gqjc Msrjyu",24)then Mon=XdpsVxhFdj("Eoha Kqphws",22);LevelQuest=1;NameQuest=XdpsVxhFdj("ShjhPtdrs6",25);NameMon=XdpsVxhFdj("Gqjc Msrjyu",24);CFrameQuest=CFrame.new(-16547.748046875,61.13533401489258,-173.41360473632812);CFrameMon=CFrame.new(-16442.814453125,116.13899993896484,-264.4637756347656) elseif(MyLevel<2475 or MyLevel>2524)and SelectMonster~=XdpsVxhFdj("Gqjylb Zmw",24)then if MyLevel>=2525 and MyLevel<=2550 or SelectMonster==XdpsVxhFdj("Hrkd Bgzlohnm",25)then Mon=XdpsVxhFdj("Fpib Zexjmflk",23);LevelQuest=2;NameQuest=XdpsVxhFdj("ShjhPtdrs7",25);NameMon=XdpsVxhFdj("Eoha Ydwilekj",22);CFrameQuest=CFrame.new(-16539.078125,55.68632888793945,1051.5738525390625);CFrameMon=CFrame.new(-16641.6796875,235.7825469970703,1031.282958984375) elseif(MyLevel<2550 or MyLevel>2574)and SelectMonster~=XdpsVxhFdj("Qcpnclr Fslrcp",24)then if MyLevel>=2575 or SelectMonster==XdpsVxhFdj("Rjtkk Rkzxdq",25)then Mon=XdpsVxhFdj("Rjtkk Rkzxdq",25);LevelQuest=2;NameQuest=XdpsVxhFdj("MbdbJnxlm2",19);NameMon=XdpsVxhFdj("Phrii Pixvbo",23);CFrameQuest=CFrame.new(-16665.1914,104.596405,1579.69434,0.951068401,-0,-0.308980465,-0,1,-0,0.308980465,-0,0.951068401);CFrameMon=CFrame.new(-16855.043,122.457253,1478.15308,-0.999392271,-0,-0.0348687991,-0,1,-0,0.0348687991,-0,-0.999392271) end else Mon=XdpsVxhFdj("Qcpnclr Fslrcp",24);LevelQuest=1;NameQuest=XdpsVxhFdj("ShjhPtdrs8",25);NameMon=XdpsVxhFdj("Rdqodms Gtmsdq",25);CFrameQuest=CFrame.new(-16665.1914,104.596405,1579.69434,0.951068401,-0,-0.308980465,-0,1,-0,0.308980465,-0,0.951068401);CFrameMon=CFrame.new(-16521.0625,106.09285,1488.78467,0.469467044,-0,0.882950008,-0,1,-0,-0.882950008,-0,0.469467044) end else Mon=XdpsVxhFdj("Hrkzmc Anx",25);LevelQuest=2;NameQuest=XdpsVxhFdj("RgigOscqr5",24);NameMon=XdpsVxhFdj("Fpixka Ylv",23);CFrameQuest=CFrame.new(-16547.748046875,61.13533401489258,-173.41360473632812);CFrameMon=CFrame.new(-16901.26171875,84.06756591796875,-192.88906860351562) end else Mon=XdpsVxhFdj("Bzmcx Ohqzsd",25);LevelQuest=1;NameQuest=XdpsVxhFdj("BzmcxPtdrs6",25);NameMon=XdpsVxhFdj("Bzmcx Ohqzsd",25);CFrameQuest=CFrame.new(-1150.0400390625,20.378934860229492,-14446.3349609375);CFrameMon=CFrame.new(-1310.5003662109375,26.016523361206055,-14562.404296875) end else Mon=XdpsVxhFdj("Amamy Uyppgmp",24);LevelQuest=1;NameQuest=XdpsVxhFdj("WbiwKoymn1",20);NameMon=XdpsVxhFdj("Zlzlx Txooflo",23);CFrameQuest=CFrame.new(233.22836303710938,29.876001358032227,-12201.2333984375);CFrameMon=CFrame.new(-21.55328369140625,80.57499694824219,-12352.3876953125) end else Mon=XdpsVxhFdj("Ayic Esypb",24);LevelQuest=2;NameQuest=XdpsVxhFdj("ZxhbNrbpq4",23);NameMon=XdpsVxhFdj("Bzjd Ftzqc",25);CFrameQuest=CFrame.new(-2021.32007,37.7982254,-12028.7295,0.957576931,-8.80302053E-8,0.288177818,6.9301187E-8,1,7.51931211E-8,-0.288177818,-5.2032135E-8,0.957576931);CFrameMon=CFrame.new(-1598.3070068359375,43.773197174072266,-12244.5810546875) end else Mon=XdpsVxhFdj("Odzmts Rbnts",25);LevelQuest=1;NameQuest=XdpsVxhFdj("KrqpFpixkaNrbpq",23);NameMon=XdpsVxhFdj("Mbxkrq Pzlrq",23);CFrameQuest=CFrame.new(-2104.3908691406,38.104167938232,-10194.21875,-0,-0,-1,-0,1,-0,1,-0,-0);CFrameMon=CFrame.new(-2143.241943359375,47.72198486328125,-10029.9951171875) end else Mon=XdpsVxhFdj("Jgtgle Xmkzgc",24);LevelQuest=2;NameQuest=XdpsVxhFdj("GztmsdcPtdrs6",25);NameMon=XdpsVxhFdj("Ifsfkd Wljyfb",23);CFrameQuest=CFrame.new(-9479.2168,141.215088,5566.09277,-0,-0,1,-0,1,-0,-1,-0,-0);CFrameMon=CFrame.new(-10144.1318359375,138.62667846679688,5838.0888671875) end else Mon=XdpsVxhFdj("Lxsgnknfhbzk Ohqzsd",25);LevelQuest=2;NameQuest=XdpsVxhFdj("ZaalBknaopEohwjz",22);NameMon=XdpsVxhFdj("Jvqelildfzxi Mfoxqb",23);CFrameQuest=CFrame.new(-13234.04,331.488495,-7625.40137,0.707134247,-0,-0.707079291,-0,1,-0,0.707079291,-0,0.707134247);CFrameMon=CFrame.new(-13680.607421875,501.08154296875,-6991.189453125) end else Mon=XdpsVxhFdj("Clobpq Mfoxqb",23);LevelQuest=1;NameQuest=XdpsVxhFdj("BccnDmpcqrGqjylb",24);NameMon=XdpsVxhFdj("Enqdrs Ohqzsd",25);CFrameQuest=CFrame.new(-13234.04,331.488495,-7625.40137,0.707134247,-0,-0.707079291,-0,1,-0,0.707079291,-0,0.707134247);CFrameMon=CFrame.new(-13274.478515625,332.3781433105469,-7769.58056640625) end else Mon=XdpsVxhFdj("Dgqfkyl Pygbcp",24);LevelQuest=1;NameQuest=XdpsVxhFdj("CddoEnqdrsHrkzmc8",25);NameMon=XdpsVxhFdj("Dgqfkyl Pygbcp",24);CFrameQuest=CFrame.new(-10581.6563,330.872955,-8761.18652,-0.882952213,-0,0.469463557,-0,1,-0,-0.469463557,-0,-0.882952213);CFrameMon=CFrame.new(-10407.5263671875,331.76263427734375,-8368.5166015625) end else Mon=XdpsVxhFdj("Lzqhmd Qdzq Zclhqzk",25);LevelQuest=2;NameQuest=XdpsVxhFdj("LzqhmdSqddHrkzmc",25);NameMon=XdpsVxhFdj("Kypglc Pcyp Ybkgpyj",24);CFrameQuest=CFrame.new(2481.09228515625,74.27049255371094,-6779.640625);CFrameMon=CFrame.new(3761.81006,123.912003,-6823.52197,0.961273968,-0,0.275594592,-0,1,-0,-0.275594592,-0,0.961273968) end else Mon=XdpsVxhFdj("Lzqhmd Bnllncnqd",25);LevelQuest=1;NameQuest=XdpsVxhFdj("HvmdizOmzzDngviy",21);NameMon=XdpsVxhFdj("Jxofkb Zljjlalob",23);CFrameQuest=CFrame.new(2481.09228515625,74.27049255371094,-6779.640625);CFrameMon=CFrame.new(2577.25391,75.6100006,-7739.87207,0.499959469,-0,0.866048813,-0,1,-0,-0.866048813,-0,0.499959469) end else Mon=XdpsVxhFdj("Tclmkmsq Yqqygjylr",24);NameQuest=XdpsVxhFdj("SbkljZobtNrbpq",23);LevelQuest=2;NameMon=XdpsVxhFdj("Qzijhjpn Vnnvdgvio",21);CFrameQuest=CFrame.new(5206.40185546875,1004.10498046875,748.3504638671875);CFrameMon=CFrame.new(4674.92676,1134.82654,996.308838,0.731321394,-0,-0.682033002,-0,1,-0,0.682033002,-0,0.731321394) end else Mon=XdpsVxhFdj("Gxcqz Dmenqbdq",25);NameQuest=XdpsVxhFdj("SbkljZobtNrbpq",23);LevelQuest=1;NameMon=XdpsVxhFdj("Fwbpy Cldmpacp",24);CFrameQuest=CFrame.new(5206.40185546875,1004.10498046875,748.3504638671875);CFrameMon=CFrame.new(4547.11523,1003.10217,334.194824,0.388810456,-0,-0.921317935,-0,1,-0,0.921317935,-0,0.388810456) end else Mon=XdpsVxhFdj("Ohrsnk Ahkkhnmzhqd",25);LevelQuest=2;NameQuest=XdpsVxhFdj("LenwpaLknpMqaop",22);NameMon=XdpsVxhFdj("Ngqrmj Zgjjgmlygpc",24);CFrameQuest=CFrame.new(-450.104645,107.681458,5950.72607,0.957107544,-0,-0.289732844,-0,1,-0,0.289732844,-0,0.957107544);CFrameMon=CFrame.new(-54.8110352,83.7698746,5947.84082,-0.965929747,-0,0.258804798,-0,1,-0,-0.258804798,-0,-0.965929747) end end elseif(MyLevel<700 or MyLevel>724)and SelectMonster~=XdpsVxhFdj("Lucxyl",20)then if MyLevel>=725 and MyLevel<=774 or SelectMonster==XdpsVxhFdj("Fxkvxgtkr",19)then Mon=XdpsVxhFdj("Kcpaclypw",24);LevelQuest=2;NameQuest=XdpsVxhFdj("Ulyu1Koymn",20);NameMon=XdpsVxhFdj("Ldqbdmzqx",25);CFrameQuest=CFrame.new(-429.543518,71.7699966,1836.18188,-0.22495985,-0,-0.974368095,-0,1,-0,0.974368095,-0,-0.22495985);CFrameMon=CFrame.new(-1004.3244018554688,80.15886688232422,1424.619384765625) elseif MyLevel>=775 and MyLevel<=799 or SelectMonster==XdpsVxhFdj("Nrvi Kdmvoz",21)then Mon=XdpsVxhFdj("Quyl Ngpyrc",24);LevelQuest=1;NameQuest=XdpsVxhFdj("Wnaw4Mqaop",22);NameMon=XdpsVxhFdj("Rvzm Ohqzsd",25);CFrameQuest=CFrame.new(638.43811,71.769989,918.282898,0.139203906,-0,0.99026376,-0,1,-0,-0.99026376,-0,0.139203906);CFrameMon=CFrame.new(1068.664306640625,137.61428833007812,1322.1060791015625) elseif(MyLevel<800 or MyLevel>874)and SelectMonster~=XdpsVxhFdj("Dyarmpw Qrydd",24)then if MyLevel>=875 and MyLevel<=899 or SelectMonster==XdpsVxhFdj("Lzqhmd Khdtsdmzms",25)then Mon=XdpsVxhFdj("Lzqhmd Khdtsdmzms",25);LevelQuest=1;NameQuest=XdpsVxhFdj("LzqhmdPtdrs8",25);NameMon=XdpsVxhFdj("Iwneja Heaqpajwjp",22);CFrameQuest=CFrame.new(-2440.79639,71.7140732,-3216.06812,0.866007268,-0,0.500031412,-0,1,-0,-0.500031412,-0,0.866007268);CFrameMon=CFrame.new(-2821.372314453125,75.89727783203125,-3070.089111328125) elseif MyLevel>=900 and MyLevel<=949 or SelectMonster==XdpsVxhFdj("Kypglc Aynrygl",24)then Mon=XdpsVxhFdj("Gulchy Wujnuch",20);LevelQuest=2;NameQuest=XdpsVxhFdj("HvmdizLpzno4",21);NameMon=XdpsVxhFdj("Kypglc Aynrygl",24);CFrameQuest=CFrame.new(-2440.79639,71.7140732,-3216.06812,0.866007268,-0,0.500031412,-0,1,-0,-0.500031412,-0,0.866007268);CFrameMon=CFrame.new(-1861.2310791015625,80.17658233642578,-3254.697509765625) elseif(MyLevel<950 or MyLevel>974)and SelectMonster~=XdpsVxhFdj("Shfubx",19)then if MyLevel>=975 and MyLevel<=999 or SelectMonster==XdpsVxhFdj("Rwilena",22)then Mon=XdpsVxhFdj("Uzlohqd",25);LevelQuest=2;NameQuest=XdpsVxhFdj("WljyfbNrbpq",23);NameMon=XdpsVxhFdj("Qvhkdmz",21);CFrameQuest=CFrame.new(-5497.06152,47.5923004,-795.237061,-0.29242146,-0,-0.95628953,-0,1,-0,0.95628953,-0,-0.29242146);CFrameMon=CFrame.new(-6037.66796875,32.18463897705078,-1340.6597900390625) elseif(MyLevel<1000 or MyLevel>1049)and SelectMonster~=XdpsVxhFdj("Pklt Qollmbo",23)then if MyLevel>=1050 and MyLevel<=1099 or SelectMonster==XdpsVxhFdj("Vhmsdq Vzqqhnq",25)then Mon=XdpsVxhFdj("Rdiozm Rvmmdjm",21);LevelQuest=2;NameQuest=XdpsVxhFdj("OjksIkqjpwejMqaop",22);NameMon=XdpsVxhFdj("Vhmsdq Vzqqhnq",25);CFrameQuest=CFrame.new(609.858826,400.119904,-5372.25928,-0.374604106,-0,0.92718488,-0,1,-0,-0.92718488,-0,-0.374604106);CFrameMon=CFrame.new(1142.7451171875,475.6398010253906,-5199.41650390625) elseif MyLevel>=1100 and MyLevel<=1124 or SelectMonster==XdpsVxhFdj("Kza Rtanqchmzsd",25)then Mon=XdpsVxhFdj("Jyz Qszmpbglyrc",24);LevelQuest=1;NameQuest=XdpsVxhFdj("DxzNdyzLpzno",21);NameMon=XdpsVxhFdj("Jyz Qszmpbglyrc",24);CFrameQuest=CFrame.new(-6064.06885,15.2422857,-4902.97852,0.453972578,-0,-0.891015649,-0,1,-0,0.891015649,-0,0.453972578);CFrameMon=CFrame.new(-5707.4716796875,15.951709747314453,-4513.39208984375) elseif MyLevel>=1125 and MyLevel<=1174 or SelectMonster==XdpsVxhFdj("Elokba Txooflo",23)then Mon=XdpsVxhFdj("Elokba Txooflo",23);LevelQuest=2;NameQuest=XdpsVxhFdj("FzbPfabNrbpq",23);NameMon=XdpsVxhFdj("Gnqmdc Vzqqhnq",25);CFrameQuest=CFrame.new(-6064.06885,15.2422857,-4902.97852,0.453972578,-0,-0.891015649,-0,1,-0,0.891015649,-0,0.453972578);CFrameMon=CFrame.new(-6341.36669921875,15.951770782470703,-5723.162109375) elseif(MyLevel<1175 or MyLevel>1199)and SelectMonster~=XdpsVxhFdj("Kyeky Lglhy",24)then if(MyLevel<1200 or MyLevel>1249)and SelectMonster~=XdpsVxhFdj("Fupu Jcluny",20)then if MyLevel>=1250 and MyLevel<=1274 or SelectMonster==XdpsVxhFdj("Qfgn Bcaifylb",24)then Mon=XdpsVxhFdj("Rgho Cdbjgzmc",25);LevelQuest=1;NameQuest=XdpsVxhFdj("RghoPtdrs6",25);NameMon=XdpsVxhFdj("Pefm Abzhexka",23);CFrameQuest=CFrame.new(1037.80127,125.092171,32911.6016);CFrameMon=CFrame.new(1212.0111083984375,150.79205322265625,33059.24609375);if _G.AutoFarm and(CFrameQuest.Position-game.vQKhHUhM.jDXERBzPKNDW.bWwdkmFvNbh.HumanoidRootPart.Position).Magnitude>10000 then game:GetService(XdpsVxhFdj("PcnjgayrcbQrmpyec",24)).Remotes.CommF_:InvokeServer(XdpsVxhFdj("qdptdrsDmsqzmbd",25),Vector3.new(923.21252441406,126.9760055542,32852.83203125)) end elseif(MyLevel<1275 or MyLevel>1299)and SelectMonster~=XdpsVxhFdj("Mbcj Yhachyyl",20)then if MyLevel>=1300 and MyLevel<=1324 or SelectMonster==XdpsVxhFdj("Qfgn Qrcuypb",24)then Mon=XdpsVxhFdj("Odel Opaswnz",22);LevelQuest=1;NameQuest=XdpsVxhFdj("OdelMqaop4",22);NameMon=XdpsVxhFdj("Qfgn Qrcuypb",24);CFrameQuest=CFrame.new(968.80957,125.092171,33244.125);CFrameMon=CFrame.new(919.4385375976562,129.55599975585938,33436.03515625);if _G.AutoFarm and(CFrameQuest.Position-game.vQKhHUhM.jDXERBzPKNDW.bWwdkmFvNbh.HumanoidRootPart.Position).Magnitude>10000 then game:GetService(XdpsVxhFdj("PcnjgayrcbQrmpyec",24)).Remotes.CommF_:InvokeServer(XdpsVxhFdj("namqaopAjpnwjya",22),Vector3.new(923.21252441406,126.9760055542,32852.83203125)) end elseif(MyLevel<1325 or MyLevel>1349)and SelectMonster~=XdpsVxhFdj("Rgho Neehbdq",25)th